0 9 0 0 0 0 0 0 0 0 0 0 0 0 0 0 0 0 0 0 0 0 0 0 0 0 0 0 0 0 0 0 0 0 0 0 0 0 0 -10 0 0 0 0 0 0 -3 0 0 0
0 -6 0 0 0 0 0 0 0 0 0 0 9 0 0 0 0 0 0 0 -3 0 0 0 0 0 0 0 8 0 0 0 0 0 0 0 0 0 0 0 0 0 0 0 0 0 0 0 0 6
0 0 0 0 0 0 0 0 0 0 0 0 10 0 0 0 0 0 0 0 0 0 0 0 0 0 0 0 5 0 -4 0 0 0 1 0 0 0 -10 0 0 0 0 0 0 0 -2 0 -1 0
0 0 0 0 0 0 0 0 0 0 0 0 0 0 0 -6 0 0 -3 0 0 0 0 0 0 0 0 0 0 0 0 0 0 0 0 0 0 0 0 0 0 0 0 0 0 0 0 0 0 0
0 0 0 0 -9 0 6 7 -5 0 0 0 0 0 0 0 0 -7 0 4 0 0 0 0 0 0 0 0 0 0 0 0 0 0 0 0 5 0 0 0 0 0 0 0 0 0 0 0 0 0
0 0 0 0 0 0 0 -1 0 0 0 0 0 0 0 0 0 0 0 0 0 0 0 0 0 0 0 0 0 0 0 0 0 0 0 0 0 0 0 0 0 0 0 0 2 0 0 0 0 0
0 0 0 0 0 0 8 0 0 0 0 0 0 0 0 0 0 0 0 0 0 0 0 0 0 0 0 0 0 0 0 0 0 0 0 0 0 0 0 0 0 0 0 0 0 0 0 0 0 0
-4 -6 0 0 0 0 0 0 0 0 0 0 0 0 0 0 0 0 0 0 0 0 0 0 0 0 0 0 0 0 0 0 0 0 0 -2 0 0 0 0 0 0 0 0 0 0 0 0 6 0
0 0 0 0 5 0 0 3 0 0 0 0 0 -9 0 5 0 0 0 0 0 0 0 -7 5 0 0 0 0 0 0 0 -4 0 0 0 0 0 0 0 0 5 0 0 0 0 0 0 0 6
0 0 0 0 -5 0 0 10 0 0 0 0 0 0 0 0 0 0 0 0 0 10 0 2 0 0 0 0 0 0 0 0 0 0 0 0 0 0 0 0 0 0 0 0 -1 0 0 0 0 0
0 0 -4 0 0 0 0 8 0 0 0 0 0 0 0 0 0 0 0 0 0 0 0 0 0 0 0 0 0 0 0 0 0 6 0 0 0 10 0 0 0 0 0 0 0 0 0 0 -7 8
0 0 0 0 0 0 0 0 0 0 0 0 0 0 0 0 0 0 0 0 0 0 0 0 0 0 0 0 0 0 0 0 0 0 0 0 0 0 0 0 0 0 0 0 0 0 0 0 0 0
0 0 0 0 0 0 0 0 0 2 0 0 0 0 0 0 0 0 0 0 0 0 0 0 0 0 0 0 0 0 1 0 0 0 0 0 0 0 0 0 0 0 0 0 0 0 0 -4 0 0
0 0 0 0 0 0 0 0 0 0 0 0 0 0 -8 0 0 0 0 0 4 0 0 0 0 0 0 0 0 7 0 -8 0 0 -6 0 0 0 0 0 0 -7 0 0 0 0 0 0 0 0
0 0 -6 0 0 0 0 4 7 0 0 0 0 0 0 0 0 0 0 0 0 0 0 0 7 0 0 0 0 0 0 0 0 0 0 0 0 0 0 0 4 0 5 -6 0 0 0 0 0 0
0 0 5 0 0 0 0 0 0 5 0 0 0 0 0 0 0 0 0 0 0 0 0 0 0 0 0 0 0 0 0 0 0 0 0 0 0 0 0 -8 0 -9 0 0 0 0 0 4 0 0
0 -8 0 0 0 0 0 0 0 0 1 0 0 0 0 0 0 0 3 0 1 0 0 0 0 3 0 0 0 0 0 0 0 0 0 0 0 0 0 0 0 0 0 0 3 0 0 0 0 0
0 0 0 0 0 -10 0 -10 -6 -2 0 0 0 0 7 8 0 0 5 0 0 0 0 0 0 0 0 0 0 0 0 0 1 0 0 0 6 0 0 0 0 0 0 0 0 0 0 0 0 0
0 0 0 0 10 0 0 0 6 0 -1 0 0 0 0 3 0 0 0 0 0 0 0 0 0 0 0 0 -10 0 0 0 0 0 0 0 0 1 0 0 0 0 -9 0 0 0 0 0 0 0
-9 0 0 0 0 0 0 0 0 0 0 0 0 7 0 0 0 0 0 0 0 -4 0 0 8 0 0 0 0 0 0 0 0 0 -5 0 0 0 8 0 0 0 0 9 0 0 0 0 0 0
0 8 0 0 0 7 0 0 0 0 -1 0 0 0 -4 0 0 0 0 0 0 0 0 0 0 0 0 0 0 0 0 0 0 0 0 0 0 0 5 0 0 0 0 0 0 0 0 0 0 0
-8 0 0 0 3 0 0 0 0 0 0 0 0 0 0 0 -2 0 0 0 0 9 0 0 0 0 0 0 0 0 0 0 0 0 0 0 0 0 3 0 0 0 0 0 0 0 0 0 0 0
0 0 0 6 0 0 0 0 0 0 0 0 0 0 0 0 0 0 0 0 0 0 0 0 0 0 0 0 0 0 0 0 0 0 0 0 0 -7 0 7 0 0 0 0 0 0 0 0 0 0
0 0 0 0 0 0 0 -2 0 0 0 0 0 0 0 10 0 0 0 0 0 0 0 -3 0 0 0 9 0 0 0 0 0 0 0 1 0 0 0 0 5 0 0 0 -1 0 0 0 -9 0
0 0 0 0 0 0 0 -1 0 0 0 0 0 4 7 0 0 0 0 0 0 0 0 0 -10 0 0 0 0 0 0 0 0 0 0 0 0 0 0 0 0 0 0 0 0 0 0 0 -4 0
0 0 0 0 0 0 3 0 0 0 0 0 0 -1 0 0 0 9 0 0 0 0 0 0 0 0 0 0 0 0 0 0 0 0 0 -8 0 0 0 0 0 0 0 0 0 0 0 0 0 0
0 0 -1 0 0 0 0 0 0 0 0 0 0 0 0 0 0 0 0 0 0 0 0 0 0 0 0 0 0 -2 0 0 0 0 0 0 0 0 0 0 0 0 0 0 0 0 9 0 0 0
0 0 0 0 0 0 0 0 0 0 0 0 0 0 0 0 0 -1 0 0 0 0 -8 0 7 0 0 0 0 0 0 0 0 0 0 0 0 0 0 0 0 0 0 0 0 0 0 0 0 0
0 0 0 0 0 0 9 0 10 0 0 0 0 0 6 0 0 7 0 8 0 0 0 0 0 0 0 0 0 0 0 0 0 0 0 0 0 0 0 0 0 0 0 0 0 0 0 0 0 0
0 -10 0 0 0 0 0 -4 0 0 0 -9 0 0 0 0 0 0 0 0 0 0 0 0 0 0 4 0 0 0 0 0 -9 0 0 0 0 0 0 0 0 0 0 0 0 0 0 0 0 0
0 0 0 0 0 -4 0 0 0 -2 0 0 0 0 0 0 0 0 0 0 7 0 0 0 0 0 0 0 0 0 0 0 0 0 0 0 0 0 0 0 0 0 5 0 0 0 0 2 0 0
0 0 0 0 0 3 0 0 0 0 0 0 0 1 0 0 0 0 -8 0 0 0 0 0 1 0 0 0 4 0 -7 0 0 0 0 0 0 0 0 -7 0 0 0 0 0 0 0 0 0 0
0 0 0 0 0 -7 0 0 0 0 0 0 0 0 0 0 0 0 0 0 0 -4 -4 0 0 0 0 0 -3 0 0 0 0 0 0 0 0 0 0 0 0 0 0 0 0 0 0 0 0 10
0 0 0 0 0 7 0 0 0 0 -10 0 0 0 0 0 -3 0 0 0 0 0 0 0 0 0 0 0 0 0 0 0 0 0 0 5 0 0 0 0 0 0 6 1 0 0 0 8 -8 0
0 0 0 0 0 0 0 0 0 0 0 0 0 0 0 0 0 5 0 0 0 0 0 0 0 0 0 0 0 0 0 9 0 0 0 0 0 0 0 0 -3 0 0 0 0 0 0 0 -6 0
0 0 -8 2 0 0 0 0 0 0 0 0 0 0 0 0 0 0 0 0 0 0 0 0 0 0 0 0 0 0 0 0 0 0 8 0 0 0 0 0 9 0 0 0 0 -2 0 0 0 2
0 0 0 0 0 0 0 0 0 0 0 10 0 0 0 0 0 0 0 0 0 0 0 0 0 0 0 0 0 0 6 0 0 0 0 0 0 5 0 0 6 0 0 -3 0 0 0 -8 0 -1
0 0 0 0 0 0 0 0 5 0 4 0 0 0 0 0 0 0 0 0 0 1 0 0 0 0 0 0 0 0 0 0 0 0 0 0 0 0 0 0 0 0 0 0 0 -2 0 0 0 0
0 6 0 0 0 8 0 0 0 4 -7 0 0 0 0 0 0 0 0 0 0 0 0 0 0 0 0 3 0 0 0 0 0 0 0 -1 0 0 0 0 0 0 0 0 0 0 0 0 0 0
0 0 0 0 8 0 0 0 0 0 0 0 0 -5 0 0 0 0 0 0 0 0 0 0 0 4 0 0 0 -9 0 0 0 0 0 0 0 0 0 0 0 0 10 0 0 7 0 0 0 0
0 0 0 0 0 0 0 0 0 0 0 0 0 0 0 0 9 0 0 0 0 0 -3 0 0 0 0 0 0 0 0 0 0 0 0 0 -8 0 0 9 0 0 0 0 -4 0 0 0 0 0
6 0 -2 0 0 0 0 0 0 4 0 0 0 0 0 0 0 0 -9 0 0 0 0 0 0 0 0 1 0 -9 0 0 0 0 0 -7 0 0 0 0 0 0 0 0 0 0 0 0 0 0
0 0 0 0 0 0 0 0 0 0 0 -9 0 0 0 0 10 0 0 0 0 -9 0 0 0 0 -2 0 0 0 0 0 0 0 0 0 0 0 0 -7 0 -3 0 0 0 0 0 0 0 0
0 0 0 0 0 0 0 0 0 0 0 0 0 0 0 0 0 0 -8 0 0 0 0 0 5 0 0 0 0 0 0 0 -9 0 0 0 0 0 0 0 0 0 10 10 0 0 0 0 0 0
0 0 0 0 0 0 0 0 0 0 0 0 0 0 0 0 0 0 0 0 0 0 0 0 0 0 0 0 0 0 0 0 -1 0 0 0 -7 0 0 0 0 -2 0 0 0 0 0 0 0 0
0 0 0 0 0 0 0 0 0 0 0 0 0 0 0 0 0 0 0 0 0 0 0 0 0 0 0 0 0 0 0 0 0 0 0 0 -5 0 0 0 5 0 0 0 6 0 0 0 0 0
0 0 -7 0 0 0 0 0 0 0 0 0 0 0 0 0 0 0 0 0 0 0 0 0 0 -5 0 0 0 0 0 0 0 0 9 -2 0 0 0 0 0 0 0 0 0 0 0 0 0 0
0 0 0 0 0 -2 0 0 0 0 0 0 0 0 0 0 0 0 0 0 0 0 0 0 0 0 0 0 0 0 1 0 0 0 0 0 0 0 5 0 0 0 0 0 0 0 0 0 0 0
0 0 10 0 0 0 0 0 0 0 0 0 0 0 0 0 0 0 0 0 0 0 -8 0 3 0 0 0 0 0 0 6 0 0 0 0 0 0 0 0 0 0 0 0 0 0 0 0 0 0
0 0 0 0 0 0 0 0 9 0 0 0 0 0 0 0 0 0 0 0 0 0 0 0 0 0 0 0 0 0 10 0 9 0 0 0 -7 0 0 0 0 0 0 0 0 0 0 0 0 -9
0 0 0 -4 0 0 0 0 2 0 0 0 0 0 0 0 0 0 0 0 0 0 0 0 0 0 0 0 0 0 0 0 0 0 0 -3 0 0 0 0 0 0 0 0 0 0 -9 -4 0 0