0 0 0 0 0 0 0 0 0 0 0 1 0 0 0 0 -4 0 0 -5 0 -8 0 0 0 0 -10 0 0 0 0 0 0 9 3 0 -9 0 0 0 0 0 0 -10 0 0 0 0 -9 0
6 0 0 0 0 0 1 7 0 0 0 0 0 0 6 0 0 0 0 0 9 10 0 0 0 0 0 0 0 0 0 0 0 0 4 10 0 0 0 0 -8 0 0 0 0 3 0 0 0 0
0 0 -4 0 -6 0 7 0 0 9 0 7 0 0 0 0 0 0 5 0 0 0 -7 0 0 0 0 0 0 0 0 0 0 0 0 5 0 0 0 -7 0 -9 7 -5 5 0 0 0 0 3
0 0 0 0 0 0 0 0 0 0 0 0 0 0 0 0 0 0 0 0 0 -2 0 0 0 0 -2 0 0 0 0 0 6 2 0 -6 0 0 0 0 0 9 0 0 0 0 0 3 0 0
0 0 0 10 0 -10 0 0 0 0 0 0 0 0 0 0 0 0 -5 6 0 0 -8 0 0 0 0 0 0 0 0 -1 0 0 0 0 -10 0 0 -1 0 0 6 0 0 0 0 0 0 0
1 8 0 0 0 0 -7 0 0 0 0 0 0 0 0 0 0 10 -8 1 0 -7 -1 0 0 0 0 0 0 2 0 0 0 9 0 0 0 0 0 0 0 0 0 0 0 -1 0 0 0 0
0 0 0 0 0 0 0 0 0 0 4 0 1 0 0 0 0 0 0 0 10 0 0 0 0 0 0 0 0 0 0 0 0 0 -2 10 0 0 0 0 0 -1 0 0 0 0 0 0 5 0
-6 10 0 0 0 0 0 8 0 0 0 0 0 0 0 0 0 0 0 0 5 1 0 0 0 0 0 0 -3 0 0 0 0 0 0 0 0 0 0 0 0 0 0 0 0 0 0 0 -2 0
0 0 8 0 0 0 0 0 0 0 0 0 4 0 0 0 0 0 0 0 0 0 -6 6 9 0 0 0 0 0 0 1 0 0 4 3 0 0 0 0 0 0 0 9 0 0 0 0 0 0
9 0 0 0 0 0 0 0 0 -2 0 0 0 0 0 0 0 0 -5 0 0 0 0 0 0 7 0 0 0 0 0 2 0 0 0 0 0 0 1 0 0 0 0 0 0 0 -3 1 5 0
0 0 0 0 4 0 0 2 0 7 0 -9 -6 0 0 0 0 0 0 -2 0 0 0 0 0 0 0 0 0 0 0 0 0 0 0 0 0 6 0 0 2 0 0 0 0 0 -8 0 0 -7
-3 0 5 0 0 -7 -4 0 0 2 0 0 0 10 0 0 9 0 0 0 0 2 0 0 0 0 8 0 1 0 0 0 0 5 2 0 0 0 0 0 1 0 0 0 0 0 1 0 0 0
0 0 0 10 0 0 0 0 0 0 0 -1 8 0 0 0 0 6 -8 0 0 0 -3 0 0 0 -5 0 0 0 0 0 0 0 0 0 -8 0 6 0 0 -4 0 0 0 0 0 0 0 0
0 0 0 0 0 0 6 0 0 0 0 0 0 0 0 0 0 0 0 0 0 0 0 0 0 0 0 0 7 6 0 0 0 0 0 0 0 0 0 0 0 0 0 -7 0 0 0 0 0 0
0 0 0 0 0 0 3 0 0 0 0 0 0 0 0 -5 0 -9 0 0 1 0 0 -7 0 0 0 -7 0 -3 0 1 0 0 0 0 0 0 0 -9 -4 0 0 0 0 0 0 0 10 0
0 0 0 8 -9 3 0 0 0 0 0 0 0 3 0 0 0 0 0 -8 0 0 0 0 0 0 0 0 0 9 0 0 0 0 0 0 0 0 0 0 0 -3 0 0 0 0 9 2 0 0
10 0 0 0 0 0 0 0 0 0 0 0 -5 0 0 0 0 0 0 0 0 -8 0 0 0 0 9 0 0 0 0 0 0 -10 0 0 0 0 0 -4 0 0 0 10 -7 0 1 0 0 7
0 0 1 0 -1 0 -7 0 0 0 0 0 0 0 0 0 -5 0 0 0 0 0 0 0 -1 0 0 0 0 0 0 0 0 0 0 1 -2 0 6 0 1 0 0 0 0 0 0 0 0 0
6 0 -9 0 0 0 0 0 0 0 0 0 0 7 -4 0 0 0 -1 0 0 0 0 0 0 0 0 2 0 0 -2 0 0 0 0 0 0 0 0 0 0 0 0 0 0 0 0 0 0 2
4 0 0 0 0 0 0 0 0 0 0 6 0 0 -6 -4 0 0 0 0 0 0 0 0 0 0 0 0 0 0 0 0 0 0 0 0 0 0 0 0 9 -8 -6 0 10 0 0 10 1 -3
7 0 0 0 0 0 0 0 0 0 3 0 0 0 0 0 10 0 4 0 0 0 -4 0 0 0 0 0 0 0 0 0 0 7 0 0 0 0 0 0 0 0 0 0 0 -10 0 0 0 0
0 8 0 0 0 0 0 -8 0 0 0 0 -8 -6 -7 0 0 -2 0 0 0 0 7 -4 0 0 -7 -9 0 -4 10 0 -9 -10 0 3 0 -1 0 1 5 0 0 0 0 0 0 0 -7 0
0 0 0 0 10 6 0 0 0 0 0 0 0 0 0 0 0 0 0 0 7 0 0 0 0 7 0 -2 -10 0 0 0 0 0 0 0 0 1 -2 0 0 0 0 0 0 0 0 0 0 -9
0 -7 0 0 0 0 -4 0 0 0 0 0 2 0 0 0 0 0 0 0 0 0 5 0 0 0 0 -1 3 0 0 -6 6 0 0 0 4 7 -10 0 0 0 -5 0 0 1 0 0 -4 0
0 0 0 0 0 0 0 0 0 0 0 0 0 9 0 0 0 0 0 9 0 0 0 0 -3 0 0 0 0 -3 0 0 0 -6 0 0 0 0 0 0 0 0 0 0 0 0 0 0 6 1
0 0 0 0 0 0 0 0 0 0 0 0 0 0 0 0 0 0 0 0 -9 0 0 0 0 4 -4 0 0 0 0 0 0 -4 0 0 0 0 0 0 0 0 0 0 0 2 0 0 0 2
0 0 -6 0 0 0 -1 0 0 0 0 0 0 0 -6 0 4 0 2 0 4 0 0 0 0 -6 0 -7 0 0 0 0 0 0 0 0 0 2 0 -8 0 0 0 0 0 -1 0 0 -2 0
0 0 4 0 -6 -1 -6 0 0 4 0 3 0 0 0 0 0 -8 0 0 0 0 5 -8 9 0 0 0 0 0 0 0 0 0 -8 0 5 10 0 0 0 -8 0 -4 0 0 0 -6 0 -5
0 0 9 2 0 4 0 -6 0 0 0 0 0 0 0 0 -9 10 0 0 -9 1 0 1 -8 -3 0 9 4 0 0 0 0 0 0 0 0 0 0 0 0 0 0 0 0 -1 0 0 0 0
0 9 -8 0 0 -2 0 0 -9 0 0 0 0 0 0 0 0 0 0 0 0 8 0 0 -1 0 0 0 0 0 0 0 9 0 0 0 0 0 5 0 0 0 0 0 0 0 0 0 -4 0
0 0 0 0 7 0 0 0 0 0 0 0 0 0 6 -5 0 0 0 0 0 0 0 0 0 0 0 -10 0 0 3 10 0 0 0 0 0 0 0 0 0 0 0 0 0 0 0 0 0 -5
0 9 0 0 3 0 0 4 0 0 0 0 0 0 -5 0 0 0 10 0 8 1 0 0 0 9 -3 0 1 6 0 6 0 0 0 0 0 0 0 -1 0 0 0 -9 0 7 0 0 0 0
-2 0 3 0 0 0 0 0 0 0 0 0 5 -10 0 0 0 0 0 0 0 0 0 0 0 0 0 0 5 -7 0 0 0 0 0 0 0 0 0 0 0 0 2 0 0 0 9 0 0 0
3 -1 0 0 -9 0 0 0 0 -5 3 0 0 0 0 0 0 0 0 0 0 0 0 0 0 0 -5 0 0 -2 0 8 0 0 0 0 -7 0 10 0 0 0 -1 0 0 0 10 0 0 5
0 2 1 0 0 0 0 0 0 0 0 0 0 0 8 0 0 -10 0 0 0 0 0 0 0 0 0 0 -2 0 0 0 0 0 0 0 0 -10 1 0 0 -2 0 0 0 0 0 0 -1 0
0 0 0 0 0 0 0 7 -3 0 0 0 -1 0 8 0 0 0 0 0 0 0 0 -8 0 0 0 0 0 0 0 0 0 0 0 -10 0 0 0 0 0 3 0 0 0 4 0 0 0 0
0 0 -7 0 0 0 10 0 0 0 9 0 0 10 0 -10 -2 0 0 1 0 0 0 0 0 0 0 0 0 0 0 0 -8 0 0 0 0 0 3 0 0 0 0 0 0 0 0 0 0 3
0 0 0 0 0 -10 0 0 0 0 0 0 0 0 0 0 0 0 0 -10 5 0 0 0 -6 -5 0 0 0 0 0 0 0 0 0 0 -9 0 0 7 0 0 -10 0 0 0 0 0 0 0
10 -1 0 0 0 2 0 -7 0 0 0 -3 0 0 0 10 2 0 0 0 0 0 0 0 0 0 -6 0 0 -2 1 0 7 0 0 0 0 0 0 0 -3 0 -8 0 -6 0 7 0 0 6
0 0 0 0 0 0 0 0 0 3 0 0 0 4 0 0 0 0 0 -2 0 -10 0 0 0 0 0 0 0 0 0 0 0 0 0 0 0 0 3 6 2 0 0 0 0 8 0 -5 -2 0
0 0 0 0 10 0 0 0 -6 0 10 0 10 0 0 0 0 0 0 0 0 5 0 0 0 0 1 0 0 -7 0 0 0 0 0 0 0 0 0 0 0 0 0 0 0 0 0 0 2 0
0 3 0 0 0 0 1 0 0 0 0 9 0 0 0 0 9 0 0 0 4 0 3 0 0 0 0 0 0 0 0 0 0 0 0 0 0 0 0 0 0 0 0 0 0 0 0 0 0 0
0 0 0 -2 0 0 0 0 0 -4 -4 0 0 -7 0 0 0 0 7 0 0 0 -1 0 0 0 0 0 0 0 0 -7 -9 0 0 0 0 0 0 0 0 0 0 0 0 0 0 0 0 0
0 0 0 0 0 8 0 0 0 0 0 0 0 0 -7 0 0 0 0 0 0 0 0 0 0 0 0 0 0 0 -1 0 0 -6 0 7 0 0 0 -8 0 0 0 0 7 0 0 0 0 0
-1 0 0 0 0 0 0 0 8 9 0 0 0 0 0 0 0 0 0 0 3 9 -3 7 0 0 0 8 0 0 0 0 0 0 0 0 0 -9 8 0 -10 0 0 0 0 0 -3 0 0 -4
0 0 0 -8 0 0 0 0 0 0 0 0 0 0 -10 0 0 0 9 0 0 0 0 0 0 0 0 0 0 0 0 -5 0 0 6 0 0 0 0 0 -10 0 0 0 0 0 2 10 6 0
0 0 6 0 0 8 0 0 0 0 0 -5 0 0 -2 7 0 0 0 0 0 0 10 0 0 0 0 0 0 0 10 -5 0 0 8 0 0 0 0 0 0 0 0 2 0 0 0 0 0 0
0 7 0 0 0 0 0 0 0 0 0 3 -7 0 0 0 0 2 0 0 0 0 0 0 0 0 0 0 0 -5 0 0 -2 0 0 -3 0 -1 0 0 0 0 0 0 0 0 0 0 -3 -3
0 0 0 8 -9 0 0 0 0 -7 0 0 6 0 0 0 0 0 0 0 0 0 0 2 -6 0 0 0 0 4 10 0 0 0 0 0 5 0 0 0 -6 0 0 0 0 7 0 0 -3 0
0 0 0 4 3 0 0 0 0 4 0 0 0 0 0 0 -2 0 0 0 0 8 0 -8 0 -4 0 0 0 0 0 0 0 -5 0 0 0 0 0 0 0 -5 0 0 0 2 0 0 0 0
0 0 0 0 0 0 0 0 0 0 -9 0 0 0 0 -5 0 0 0 10 0 0 0 0 0 0 0 0 0 0 0 0 0 0 0 0 0 -5 0 9 7 6 3 0 0 -9 -4 0 0 0