2333
2575
4562
867
2682
283
3808
2711
4879
4707
2097
2262
4413
4744
2285
4518
1359
1753
4428
2335
3351
2977
1781
3156
4542
2441
3532
1757
1267
1870
2057
4463
2345
219
4797
358
3617
1901
1806
4630
161
2781
894
934
575
2057
31
2711
2210
4647
66
55
2978
3575
2718
3118
2705
3414
1132
1716
1129
1495
1688
1596
2529
4202
2094
1222
3442
3920
4087
4120
3399
4138
3448
4536
4318
1913
3623
2990
3632
3307
4934
119
4206
3350
3618
1804
4427
4988
4566
4559
236
1000
501
2136
4057
3937
2908
459