630
1465
4734
3093
334
2776
3009
2219
1392
2081
1722
2559
2283
4513
4031
2272
3831
345
786
1382
1675
2520
3936
1322
2689
3283
3339
2378
371
3760
4429
2730
2123
4817
2749
1127
2438
1312
4017
3437
2007
3222
2430
498
1194
169
1822
3528
2951
2257
1802
4201
2676
3230
594
4188
3242
2645
1798
1898
4453
1787
494
2139
1250
419
1491
769
1954
4536
2519
4181
2203
1119
1087
3170
239
3929
2942
3865
3110
3657
3648
70
496
3281
2747
99
2121
578
3380
860
3708
395
4892
4076
4365
3871
214
2181
2255
3452
2568
2526
1703
2059
4300
3011
642
1969
4393
3835
2469
405
510
2708
689
4835
3323
782
3084
1281
2467
2498
1128
3225
1566
4343
636
4309
2261
3031
2094
3130
1156
58
1962
4541
4155
3833
4924
4032
4162
492
4734
3666
4018
1267
4357
1059
458
2646
753
2419
1716
4165
3177
1275
1582
338
2643
1162
4638
3432
2504
2898
3015
3836
2594
1760
2189
4291
3309
4565
3954
3925
1081
2862
2975
4270
1786
2697
4243
1068
45
465
784
853
1662
2917
3632
1296
1625
4518
2839
1352
4559
1772
1265
2691
906
1888
361
2400
2210
4499
244
4947
712
4289
2399
1167
3227
360
2255
4413
2218
4635
3876
843
4428
1333
3960
1783
968
2447
1611
2733
2343
515
646
1746
3513
1489
39
2384
3586
1018
2218
2870
4792
1832
400
4513
2049
117
4474
2038
2340
904
691
857
2679
4658
257
2916
2121
4099
4048
405
2187
399
2469
2479
4348
2955
4905
2065
4975
4287
3806
2101
166
3804
3407
2139
2825
1298
4032
4082
2551
169
1962
479
3657
687
662
3940
3853
69
2294
4829
2845
218
1451
2053
3207
2098
1774
4176
4005
4660
2538
2612
2525
7
4908
4646
2209
682
4212
4270
4220
2210
4570
111
1782
3215
4676
4051
4616
1762
3522
3324
1593
2210
1046
1419
485
3129
1569
2964
2757
3063
3246
3546
1664
3543
145
3726
3610
4006
3488
1588
2312
3728
122
2944
3817
2742
4688
2732
2243
2112
1952
220
2171
2635
1501
4579
4007
1734
3999
4446
4267
4668
1681
4148
901
931
2137
4304
3851
330
4156
1138
1165
1850
4703
1857
2473
1338
4837
2933
3486
3811
4864
2133
1810
2802
3695
3760
4863
602
245
1049
683
3149
3628
3941
1733
4481
1563
356
3710
317
2715
2765
4770
1086
4308
4060
4799
2483
658
3289
4667
504
1420
3459
3135
4701
3623
1180
2647
1578
2332
4984
836
942
447
3775
1153
1135
4727
3628
2248
4073
4809
2001
3109
4595
3207
1972
2526
4823
3325
3662
4055
3629
613
1525
833
1208
1219
3379
2602
3646
3639
1821
1268
4385
1486
4806
1296
2929
2401
1094
4402
4986
4043
2739
1871
4992
2638
3450
3474
3057
3517
4345
1014
4945
2052
3531
4481
767
3893
2568
1307
2387
4461
3307
14
2187
715
1330
1747
1667
2312
3122
1972
2960
2769
1883
1005
2081
4663
847
4062
723
1725
1521
3675
3929
3337
961
2581
655
290
1318
3077
353
2132
4668
4080
3523
4682
2522
153
3351
1855
476
2442
3313
3640
2299
3809
1391
3200
3678
246
4491
1724
712
1456
2835
3281
4278
1413
2385
987
448
4476
2090
3154
4439
651
2022
2914
3059
214
4207
908
2015
286
849
2395
3938
2490
4906
4141
3649
3127
344
3179
2670
4830
1483
3244
1456
4373
3674
4548
4695
4884
2529
3906
3360
3855
3386
2541
4920
4009
363
3000
3510
4832
4422
3661
4961
4042
47
397
2501
2110
3733
130
725
4897
3238
2521
4933
1981
1691
2498
1225
2837
4897
3394
4802
470
760
2461
447
1123
1936
2673
1017
3063
2197
873
615
3254
3452
4176
1073
752
1890
4432
2727
3237
4098
3632
1246
3395
3262
1560
448
4366
4483
188
515
933
2121
3238
2143
1499
4289
1444
4883
2148
4686
1776
3312
863
1056
4027
1392
4313
60
2674
623
4673
146
821
2455
4021
2787
3362
262
2949
3505
3473
3734
3878
2235
1412
504
2434
3389
1681
1640
818
3843
4203
3054
1292
1335
1183
3602
134
2734
1086
4072
501
3367
2624
354
3651
3761
3624
2782
2374
1592
2628
3135
626
4557
1428
3740
2264
535
3740
1229
1152
3038
3945
2934
4886
3826
481
2091
4830
2701
1505
3008
1085
1240
1370
812
860
2035
4236
29
1599
3651
3294
1869
2144
3100
4529
3512
147
4942
3494
1868
3202
4394
4225
4915
1776
2167
2094
3685










1834
4189
844
4863
983
2535
3604
1641
3313
2089
3321
2787
3197
4754
1041
4937
1341
4693
3747
355
878
3953
730
434
2800
2702
4276
4345
1372
2733
3844
109
4086
1011
2038
359
75
4943
1004
1335
2104
3906
4666
1491
4638
1182
4562
4998
4791
4081
2019
3156
2600
2589
977
62
27
1079
4383
673
4962
714
864
4506
1769
1558
2342
4065
1850
2260
621